0.0 0.000000
1.0 0.000000
2.0 0.000000
3.0 0.000000
4.0 0.000000
5.0 0.000000
6.0 0.000000
7.0 0.000000
8.0 0.000000
9.0 0.000000
10.0 0.000000
11.0 0.000000
12.0 0.000000
13.0 0.000000
14.0 0.000000
15.0 0.000000
16.0 0.000000
17.0 0.000000
18.0 0.000000
19.0 0.000000
20.0 0.000000
21.0 0.000000
22.0 0.000000
23.0 0.000000
24.0 0.000000
25.0 0.000000
26.0 0.000000
27.0 0.000000
28.0 0.000000
29.0 0.000000
30.0 0.000000
31.0 0.000000
32.0 0.000000
33.0 0.000000
34.0 0.000000
35.0 0.000000
36.0 0.000000
37.0 0.000000
38.0 0.000000
39.0 0.000000
40.0 0.000000
41.0 0.000000
42.0 0.000000
43.0 0.000000
44.0 0.000000
45.0 0.000000
46.0 0.000000
47.0 0.000000
48.0 0.000000
49.0 0.000000
50.0 0.000000
51.0 0.000000
52.0 0.000000
53.0 0.000000
54.0 0.000000
55.0 0.000000
56.0 0.000000
57.0 0.000000
58.0 0.000000
59.0 0.000000
60.0 0.000000
61.0 0.000000
62.0 0.000000
63.0 0.000000
64.0 0.000021
65.0 0.000000
66.0 0.000021
67.0 0.000043
68.0 0.000021
69.0 0.000277
70.0 0.000489
71.0 0.000596
72.0 0.001085
73.0 0.002149
74.0 0.002745
75.0 0.004298
76.0 0.005681
77.0 0.006915
78.0 0.008787
79.0 0.010638
80.0 0.010532
81.0 0.011787
82.0 0.012766
83.0 0.013021
84.0 0.013213
85.0 0.013170
86.0 0.012745
87.0 0.012213
88.0 0.012404
89.0 0.012596
90.0 0.013277
91.0 0.012362
92.0 0.012383
93.0 0.011489
94.0 0.011191
95.0 0.011553
96.0 0.011660
97.0 0.010511
98.0 0.011596
99.0 0.012894
100.0 0.012617
101.0 0.013745
102.0 0.014574
103.0 0.013745
104.0 0.015936
105.0 0.014426
106.0 0.015489
107.0 0.015872
108.0 0.015234
109.0 0.015745
110.0 0.015255
111.0 0.014553
112.0 0.014809
113.0 0.013936
114.0 0.014234
115.0 0.013213
116.0 0.013681
117.0 0.012532
118.0 0.013106
119.0 0.012830
120.0 0.012872
121.0 0.012830
122.0 0.012021
123.0 0.011277
124.0 0.011298
125.0 0.011979
126.0 0.009681
127.0 0.010553
128.0 0.009851
129.0 0.009851
130.0 0.009043
131.0 0.009000
132.0 0.008511
133.0 0.008851
134.0 0.008596
135.0 0.008489
136.0 0.008234
137.0 0.008936
138.0 0.009170
139.0 0.008404
140.0 0.009511
141.0 0.009000
142.0 0.009660
143.0 0.009021
144.0 0.009957
145.0 0.009787
146.0 0.009681
147.0 0.010532
148.0 0.009532
149.0 0.010681
150.0 0.009894
151.0 0.010085
152.0 0.009426
153.0 0.008830
154.0 0.009170
155.0 0.008277
156.0 0.007957
157.0 0.007340
158.0 0.006787
159.0 0.006702
160.0 0.005638
161.0 0.005149
162.0 0.004809
163.0 0.004362
164.0 0.004043
165.0 0.003277
166.0 0.003234
167.0 0.002766
168.0 0.002617
169.0 0.001851
170.0 0.001766
171.0 0.001596
172.0 0.001213
173.0 0.001170
174.0 0.000745
175.0 0.000702
176.0 0.000511
177.0 0.000277
178.0 0.000191
179.0 0.000106
180.0 0.000043
