-180.0 0.001543
-179.0 0.002717
-178.0 0.003022
-177.0 0.003043
-176.0 0.002717
-175.0 0.003022
-174.0 0.002609
-173.0 0.002848
-172.0 0.002457
-171.0 0.002522
-170.0 0.002717
-169.0 0.003065
-168.0 0.002630
-167.0 0.002543
-166.0 0.002543
-165.0 0.003283
-164.0 0.002696
-163.0 0.002826
-162.0 0.002739
-161.0 0.002587
-160.0 0.002457
-159.0 0.002848
-158.0 0.002891
-157.0 0.002848
-156.0 0.002587
-155.0 0.002783
-154.0 0.002913
-153.0 0.002370
-152.0 0.002500
-151.0 0.002435
-150.0 0.002761
-149.0 0.002370
-148.0 0.001913
-147.0 0.002000
-146.0 0.002348
-145.0 0.002848
-144.0 0.002522
-143.0 0.002543
-142.0 0.002109
-141.0 0.002152
-140.0 0.002739
-139.0 0.002478
-138.0 0.002000
-137.0 0.002717
-136.0 0.002891
-135.0 0.002022
-134.0 0.002652
-133.0 0.002848
-132.0 0.002913
-131.0 0.002957
-130.0 0.002717
-129.0 0.002761
-128.0 0.002630
-127.0 0.002935
-126.0 0.003130
-125.0 0.002565
-124.0 0.003435
-123.0 0.003109
-122.0 0.002522
-121.0 0.003261
-120.0 0.002804
-119.0 0.002848
-118.0 0.002761
-117.0 0.002630
-116.0 0.002870
-115.0 0.002522
-114.0 0.002609
-113.0 0.002609
-112.0 0.002587
-111.0 0.002522
-110.0 0.002022
-109.0 0.002130
-108.0 0.002109
-107.0 0.002565
-106.0 0.002261
-105.0 0.002478
-104.0 0.002022
-103.0 0.002457
-102.0 0.002043
-101.0 0.002348
-100.0 0.001935
-99.0 0.002043
-98.0 0.002109
-97.0 0.002174
-96.0 0.002674
-95.0 0.001804
-94.0 0.002022
-93.0 0.002087
-92.0 0.001913
-91.0 0.001935
-90.0 0.002000
-89.0 0.001739
-88.0 0.001804
-87.0 0.001783
-86.0 0.001739
-85.0 0.001957
-84.0 0.001935
-83.0 0.001348
-82.0 0.001783
-81.0 0.001652
-80.0 0.002000
-79.0 0.001609
-78.0 0.001630
-77.0 0.001652
-76.0 0.001674
-75.0 0.001783
-74.0 0.001761
-73.0 0.001630
-72.0 0.001674
-71.0 0.001435
-70.0 0.001717
-69.0 0.001522
-68.0 0.001261
-67.0 0.001348
-66.0 0.001783
-65.0 0.001391
-64.0 0.001174
-63.0 0.001217
-62.0 0.001022
-61.0 0.001326
-60.0 0.001370
-59.0 0.001435
-58.0 0.001087
-57.0 0.001043
-56.0 0.001000
-55.0 0.001326
-54.0 0.001283
-53.0 0.001261
-52.0 0.001478
-51.0 0.001239
-50.0 0.001652
-49.0 0.001500
-48.0 0.001413
-47.0 0.001435
-46.0 0.001696
-45.0 0.001457
-44.0 0.001826
-43.0 0.001935
-42.0 0.002087
-41.0 0.001935
-40.0 0.002130
-39.0 0.002370
-38.0 0.002217
-37.0 0.002109
-36.0 0.002370
-35.0 0.002543
-34.0 0.002587
-33.0 0.002761
-32.0 0.002696
-31.0 0.003261
-30.0 0.002696
-29.0 0.002935
-28.0 0.002609
-27.0 0.002478
-26.0 0.002783
-25.0 0.003261
-24.0 0.002630
-23.0 0.002674
-22.0 0.002913
-21.0 0.002848
-20.0 0.002630
-19.0 0.002565
-18.0 0.002283
-17.0 0.001935
-16.0 0.002065
-15.0 0.001543
-14.0 0.002152
-13.0 0.002217
-12.0 0.001913
-11.0 0.001848
-10.0 0.001783
-9.0 0.001848
-8.0 0.001652
-7.0 0.002022
-6.0 0.001891
-5.0 0.002174
-4.0 0.001848
-3.0 0.002478
-2.0 0.002565
-1.0 0.002761
0.0 0.002413
1.0 0.003304
2.0 0.002913
3.0 0.003413
4.0 0.003543
5.0 0.003370
6.0 0.003348
7.0 0.003935
8.0 0.003826
9.0 0.003739
10.0 0.003957
11.0 0.004087
12.0 0.004065
13.0 0.003848
14.0 0.004478
15.0 0.003522
16.0 0.003652
17.0 0.003413
18.0 0.003022
19.0 0.003500
20.0 0.003391
21.0 0.003130
22.0 0.002826
23.0 0.002630
24.0 0.002913
25.0 0.003283
26.0 0.002457
27.0 0.002543
28.0 0.002696
29.0 0.002848
30.0 0.002413
31.0 0.002761
32.0 0.003000
33.0 0.002804
34.0 0.002891
35.0 0.002587
36.0 0.002761
37.0 0.002674
38.0 0.003130
39.0 0.002957
40.0 0.002957
41.0 0.002587
42.0 0.002609
43.0 0.002826
44.0 0.002761
45.0 0.002913
46.0 0.003261
47.0 0.002804
48.0 0.003261
49.0 0.003000
50.0 0.003326
51.0 0.003130
52.0 0.003326
53.0 0.003413
54.0 0.003043
55.0 0.003000
56.0 0.003000
57.0 0.002587
58.0 0.003261
59.0 0.003283
60.0 0.003304
61.0 0.002913
62.0 0.002609
63.0 0.002978
64.0 0.003174
65.0 0.003435
66.0 0.003609
67.0 0.003457
68.0 0.003239
69.0 0.003435
70.0 0.002957
71.0 0.002783
72.0 0.003500
73.0 0.003674
74.0 0.002913
75.0 0.003500
76.0 0.003109
77.0 0.003370
78.0 0.003152
79.0 0.003348
80.0 0.003609
81.0 0.002891
82.0 0.004000
83.0 0.002848
84.0 0.003152
85.0 0.002957
86.0 0.003761
87.0 0.003739
88.0 0.003370
89.0 0.003174
90.0 0.003370
91.0 0.003130
92.0 0.003500
93.0 0.003674
94.0 0.003326
95.0 0.003674
96.0 0.002957
97.0 0.002826
98.0 0.002717
99.0 0.002957
100.0 0.003196
101.0 0.002935
102.0 0.003000
103.0 0.002783
104.0 0.002978
105.0 0.002978
106.0 0.002870
107.0 0.003152
108.0 0.003043
109.0 0.003043
110.0 0.003196
111.0 0.003457
112.0 0.003304
113.0 0.003130
114.0 0.002978
115.0 0.002957
116.0 0.004109
117.0 0.003261
118.0 0.003413
119.0 0.003739
120.0 0.003804
121.0 0.003304
122.0 0.003500
123.0 0.003935
124.0 0.003478
125.0 0.003739
126.0 0.004043
127.0 0.004326
128.0 0.003783
129.0 0.003913
130.0 0.004130
131.0 0.003565
132.0 0.003652
133.0 0.003674
134.0 0.003587
135.0 0.004087
136.0 0.003957
137.0 0.004152
138.0 0.003478
139.0 0.003891
140.0 0.003587
141.0 0.004043
142.0 0.003630
143.0 0.003891
144.0 0.003457
145.0 0.004130
146.0 0.004522
147.0 0.003804
148.0 0.003348
149.0 0.003630
150.0 0.004174
151.0 0.003370
152.0 0.003435
153.0 0.003717
154.0 0.003261
155.0 0.003609
156.0 0.003522
157.0 0.004130
158.0 0.003739
159.0 0.003522
160.0 0.003609
161.0 0.003435
162.0 0.003174
163.0 0.003043
164.0 0.003174
165.0 0.003261
166.0 0.003522
167.0 0.003196
168.0 0.003543
169.0 0.002717
170.0 0.003196
171.0 0.002826
172.0 0.003370
173.0 0.003609
174.0 0.003261
175.0 0.002891
176.0 0.003022
177.0 0.002913
178.0 0.003087
179.0 0.002848
180.0 0.001435
